[462851407.0
462851407.0
463179852.0
463179852.0
462851407.0
462851407.0
462851407.0
462851407.0
462851407.0
463179852.0
464689331.0
464689331.0
465645203.0
465645203.0
465645203.0
471180773.0
474833169.0
474833169.0
478446501.0
478446501.0
478446501.0
474833169.0
471180773.0
478446501.0
478446501.0
471180773.0
478446501.0
478446501.0
479575244.0
479575244.0
478446501.0
471180773.0
471180773.0
465645203.0
465645203.0
464689331.0
463179852.0
464689331.0
463179852.0
463179852.0
463179852.0
462851407.0
463179852.0
462851407.0
462242385.0
462851407.0
463179852.0
463179852.0
463179852.0
463179852.0
463179852.0
463179852.0
464689331.0
463179852.0
462851407.0
462851407.0
463179852.0
464689331.0
463179852.0
463179852.0
463179852.0
463179852.0
464689331.0
465645203.0
464689331.0
464689331.0
464689331.0
463179852.0
463179852.0
464689331.0
465645203.0
471180773.0
471180773.0
465645203.0
464689331.0
464689331.0
463179852.0
463179852.0
464689331.0
463482574.0
463482574.0
463179852.0
463179852.0
463482574.0
463179852.0
463179852.0
463482574.0
463482574.0
463482574.0
464689331.0
463482574.0
463179852.0
462851407.0
462851407.0
463179852.0
463179852.0
462851407.0
462242385.0
462242385.0
462242385.0
461495731.0
461495731.0
462242385.0
461495731.0
462242385.0
462242385.0
462851407.0
462851407.0
463179852.0
463179852.0
463179852.0
463482574.0
463179852.0
463179852.0
462851407.0
462851407.0
462851407.0
462851407.0
463179852.0
462851407.0
462851407.0
463179852.0
462851407.0
462851407.0
462789551.0
462789551.0
462242385.0
462242385.0
462242385.0
462242385.0
461495731.0
459413496.0
459413496.0
459413496.0
459413496.0
459413496.0
459244054.0
459413496.0
461495731.0
462242385.0
462242385.0
462789551.0
462851407.0
463482574.0
464689331.0
465645203.0
465645203.0
465645203.0
465645203.0
464689331.0
464689331.0
463482574.0
463482574.0
463482574.0
463482574.0
463482574.0
463482574.0
464689331.0
465645203.0
471180773.0
465645203.0
464689331.0
464689331.0
463482574.0
463482574.0
464689331.0
463482574.0
463482574.0
464689331.0
465645203.0
464689331.0
465645203.0
464689331.0
464689331.0
465645203.0
465645203.0
465645203.0
465645203.0
465645203.0
464689331.0
463866116.0
463866116.0
463866116.0
463866116.0
463866116.0
463866116.0
464689331.0
464689331.0
463866116.0
463482574.0
462851407.0
462851407.0
462851407.0
462851407.0
462851407.0
462789551.0
461495731.0
462789551.0
462789551.0
461495731.0
461495731.0
459244054.0
459244054.0
459244054.0
461495731.0
459244054.0
458854788.0
459244054.0
461495731.0
462789551.0
461495731.0
461495731.0
461495731.0
459244054.0
458854788.0
458854788.0
458588260.0
454233502.0
452207730.0
450031625.0
450031625.0
442901720.0
450031625.0
450031625.0
452207730.0
452207730.0
454233502.0
454233502.0
454233502.0
458588260.0
458588260.0
458588260.0
458588260.0
458588260.0
458588260.0
458588260.0
458588260.0
458588260.0
458588260.0
458588260.0
458588260.0
458588260.0
454233502.0
458588260.0
454233502.0
454233502.0
458588260.0
458588260.0
458588260.0
458854788.0
459244054.0
461495731.0
462789551.0
462789551.0
461495731.0
461495731.0
461495731.0
461495731.0
459244054.0
459244054.0
459244054.0
458854788.0
458854788.0
458854788.0
458854788.0
458588260.0
458854788.0
458588260.0
452207730.0
452207730.0
450031625.0
452207730.0
458854788.0
452207730.0
452207730.0
452207730.0
452207730.0
452207730.0
452207730.0
450031625.0
442901720.0
442901720.0
442901720.0
450031625.0
450031625.0
442901720.0
442901720.0
450031625.0
442901720.0
442901720.0
450031625.0
450031625.0
450031625.0
452207730.0
452207730.0
452207730.0
452207730.0
452207730.0
458854788.0
452207730.0
452207730.0
450031625.0
450031625.0
450031625.0
450031625.0
450031625.0
452207730.0
450031625.0
450031625.0
450031625.0
452207730.0
450031625.0
452207730.0
458854788.0
458854788.0
452207730.0
452207730.0
458854788.0
462789551.0
462789551.0
458854788.0
452207730.0
452207730.0
450031625.0
450031625.0
452207730.0
452207730.0
450031625.0
450031625.0
450031625.0
450031625.0
442901720.0
442645480.0
442645480.0
440967103.0
440967103.0
439295525.0
439025357.0
439025357.0
439025357.0
436280767.0
436280767.0
436280767.0
439025357.0
436280767.0
430880846.0
436280767.0
436280767.0
436280767.0
430880846.0
430880846.0
436280767.0
439025357.0
436280767.0
436280767.0
436280767.0
439025357.0
439295525.0
439295525.0
439295525.0
439295525.0
439295525.0
440942217.0
440942217.0
440942217.0
440967103.0
440967103.0
440942217.0
440967103.0
440942217.0
439295525.0
436280767.0
430880846.0
429157787.0
430880846.0
430880846.0
430880846.0
430880846.0
429157787.0
429157787.0
427408396.0
429157787.0
427408396.0
421620240.0
415306249.0
421620240.0
421620240.0
421620240.0
427408396.0
427408396.0
421620240.0
415306249.0
415306249.0
412281977.0
415306249.0
415306249.0
421620240.0
421620240.0
421620240.0
415306249.0
412281977.0
412281977.0
412281977.0
404319195.0
402331728.0
404319195.0
404319195.0
402331728.0
401494901.0
401494901.0
401203083.0
401494901.0
401494901.0
402331728.0
402331728.0
401494901.0
401494901.0
402331728.0
404319195.0
402331728.0
402331728.0
404319195.0
412281977.0
412281977.0
412281977.0
412281977.0
412281977.0
412281977.0
412281977.0
404319195.0
404319195.0
402331728.0
402331728.0
404319195.0
412281977.0
412281977.0
412281977.0
404319195.0
412281977.0
412281977.0
421620240.0
421620240.0
421620240.0
412281977.0
421620240.0
427408396.0
429157787.0
430880846.0
432477444.0
432477444.0
432477444.0
432477444.0
432477444.0
434444856.0
434444856.0
432477444.0
432477444.0
432477444.0
432477444.0
432477444.0
430880846.0
429157787.0
427408396.0
421620240.0
412281977.0
412281977.0
412281977.0
412281977.0
412281977.0
412281977.0
412281977.0
412281977.0
421620240.0
427408396.0
430880846.0
432477444.0
432477444.0
432477444.0
430880846.0
427408396.0
427408396.0
427408396.0
430880846.0
432477444.0
434444856.0
434444856.0
434444856.0
434826720.0
434444856.0
432477444.0
432477444.0
432477444.0
432477444.0
432477444.0
432477444.0
430880846.0
432477444.0
432477444.0
432477444.0
432477444.0
434444856.0
434826720.0
434826720.0
434444856.0
432477444.0
434444856.0
434444856.0
434444856.0
434444856.0
434826720.0
436280767.0
439295525.0
439295525.0
440942217.0
440967103.0
440942217.0
440942217.0
440967103.0
440967103.0
448530832.0
448530832.0
440967103.0
440967103.0
440942217.0
440967103.0
440967103.0
448530832.0
448530832.0
440967103.0
440967103.0
440967103.0
448530832.0
448891847.0
448891847.0
462863342.0
462863342.0
448891847.0
448891847.0
462863342.0
462863342.0
463491026.0
463491026.0
464685718.0
463491026.0
462863342.0
448891847.0
448530832.0
448530832.0
448891847.0
448530832.0
448530832.0
440942217.0
439295525.0
436280767.0
439295525.0
439295525.0
439295525.0
439295525.0
439295525.0
439295525.0
439295525.0
439295525.0
439295525.0
439295525.0
439236385.0
439236385.0
439236385.0
439236385.0
439295525.0
440942217.0
440942217.0
440942217.0
439295525.0
439236385.0
434826720.0
434826720.0
434444856.0
434444856.0
434444856.0
434826720.0
439236385.0
439236385.0
439295525.0
439236385.0
439295525.0
439295525.0
440942217.0
440942217.0
440942217.0
440942217.0
440942217.0
448530832.0
448530832.0
440942217.0
448530832.0
448530832.0
448530832.0
448530832.0
440942217.0
439295525.0
439295525.0
440942217.0
448530832.0
448530832.0
448530832.0
448530832.0
448530832.0
448530832.0
440942217.0
448530832.0
448891847.0
448891847.0
448530832.0
448891847.0
448891847.0
448891847.0
448891847.0
462863342.0
448891847.0
448530832.0
448530832.0
440942217.0
448530832.0
448530832.0
448891847.0
462863342.0
462863342.0
462863342.0
462863342.0
448891847.0
448891847.0
448891847.0
448891847.0
448530832.0
448530832.0
448530832.0
448891847.0
448530832.0
448530832.0
448530832.0
448530832.0
448530832.0
448530832.0
448891847.0
448891847.0
448530832.0
440942217.0
440942217.0
448530832.0
448530832.0
448530832.0
440942217.0
448530832.0
448891847.0
448530832.0
448891847.0
462863342.0
462863342.0
463491026.0
463491026.0
463491026.0
463491026.0
463491026.0
463491026.0
463491026.0
476003622.0
476562293.0
484182762.0
476562293.0
476562293.0
484182762.0
484182762.0
484182762.0
484182762.0
484182762.0
484182762.0
489470342.0
494500522.0
489470342.0
489470342.0]